time	I(Vdd)
0.000000000000000e+00	-2.870988e-11
1.000000000000000e-07	-2.870904e-11
1.000049999999999e-07	8.296665e-05
1.000149999999996e-07	1.366178e-04
1.000310080576132e-07	1.113765e-04
1.000479408575685e-07	5.436037e-05
1.000646118698801e-07	1.412727e-05
1.000829201391669e-07	-1.285125e-05
1.001000000000000e-07	-2.904395e-05
1.001017079860833e-07	-8.312226e-05
1.001051239582499e-07	-1.172365e-04
1.001119559025832e-07	-1.379426e-04
1.001256197912497e-07	-1.919031e-04
1.001465786278070e-07	-2.860898e-04
1.001810209836534e-07	-4.230448e-04
1.002258625574786e-07	-5.459274e-04
1.002742849642904e-07	-6.100572e-04
1.003287891749430e-07	-6.261126e-04
1.003875744084439e-07	-6.167695e-04
1.004671719645609e-07	-5.809640e-04
1.005934454690949e-07	-4.817211e-04
1.007858802163244e-07	-3.014444e-04
1.010361279104300e-07	-1.232910e-04
1.012973690243441e-07	-3.683745e-05
1.016416559762193e-07	-6.098659e-06
1.019937719928804e-07	-5.439652e-07
1.026415236551541e-07	-1.453935e-08
1.034227736551541e-07	2.072397e-09
1.042040236551542e-07	-7.943299e-10
1.059897379408684e-07	-4.664968e-10
1.077754522265828e-07	-2.100294e-10
1.095611665122970e-07	-2.492801e-11
1.113468807980114e-07	8.880755e-11
1.131325950837256e-07	1.311772e-10
1.149183093694400e-07	1.021810e-10
1.167040236551542e-07	1.818989e-12
1.279763450837256e-07	-1.334882e-11
1.392486665122969e-07	-2.484659e-11
1.505209879408682e-07	-3.267432e-11
1.617933093694396e-07	-3.683201e-11
1.730656307980109e-07	-3.731966e-11
1.843379522265822e-07	-3.413727e-11
1.956102736551535e-07	-2.728484e-11
1.979540236551535e-07	-3.160494e-11
1.987352736551535e-07	-4.847673e-10
1.992187500000000e-07	4.454954e-09
1.993187500000000e-07	2.814052e-09
1.995187500000000e-07	3.747103e-09
1.997625000000003e-07	1.701535e-09
1.998625000000003e-07	-6.828321e-09
1.999000000000000e-07	4.216917e-09
1.999250000000006e-07	1.571493e-09
1.999499999999989e-07	-6.324171e-09
2.000000000000000e-07	4.182954e-06
2.000049999999997e-07	8.735059e-05
2.000149999999990e-07	1.472026e-04
2.000324640946196e-07	1.561029e-04
2.000501694626993e-07	1.485257e-04
2.000700508545938e-07	1.374615e-04
2.000999028880743e-07	1.180312e-04
2.001000000000000e-07	1.237946e-04
2.001001942238514e-07	1.446245e-05
2.001005826715542e-07	-5.071183e-05
2.001013595669598e-07	-6.581921e-05
2.001029133577709e-07	-7.331982e-05
2.001060209393932e-07	-7.521512e-05
2.001122361026379e-07	-7.903870e-05
2.001246664291271e-07	-1.172747e-04
2.001423325202898e-07	-2.117780e-04
2.001626695802750e-07	-3.139115e-04
2.001798325865753e-07	-3.493209e-04
2.002000000000000e-07	-3.376486e-04
2.002020167413425e-07	-2.694170e-04
2.002060502240274e-07	-2.203905e-04
2.002141171893973e-07	-1.959199e-04
2.002302511201371e-07	-1.790282e-04
2.002470944061580e-07	-1.741870e-04
2.002807809781997e-07	-1.558884e-04
2.003298105109939e-07	-1.040077e-04
2.003878120858296e-07	-4.907562e-05
2.004355379504573e-07	-2.404466e-05
2.004947390214552e-07	-1.221722e-05
2.005816324093625e-07	-7.923843e-06
2.006988794418299e-07	-7.397407e-06
2.008286648181798e-07	-6.788168e-06
2.009758219060585e-07	-4.353172e-06
2.010580198268393e-07	-2.866184e-06
2.011320708264006e-07	-1.958871e-06
2.012287142161515e-07	-1.200451e-06
2.013177201597373e-07	-7.327411e-07
2.014229027145909e-07	-4.281311e-07
2.015365146949459e-07	-2.170587e-07
2.016848955437209e-07	-1.054207e-07
2.018551028030097e-07	-3.198972e-08
2.020899776402947e-07	-1.178587e-08
2.023877112537889e-07	4.811935e-09
2.028662744757205e-07	-2.758814e-10
2.036186582241007e-07	2.637356e-09
2.144445510812436e-07	1.668218e-09
2.252704439383866e-07	9.030755e-10
2.360963367955295e-07	3.419292e-10
2.469222296526725e-07	-1.522094e-11
2.577481225098154e-07	-1.683750e-10
2.685740153669584e-07	-1.175329e-10
2.793999082241013e-07	1.373053e-10
2.981499082241018e-07	1.127773e-10
2.989311582241018e-07	-1.218179e-09
2.992187500000000e-07	7.074208e-10
2.994248164482036e-07	-9.141416e-10
2.995878671035929e-07	2.034334e-09
2.998279368287431e-07	2.740082e-09
2.999000000000000e-07	1.572400e-09
3.000000000000000e-07	1.280221e-06
3.000045291684192e-07	8.133096e-05
3.000135875052574e-07	1.352861e-04
3.000295070303075e-07	1.176883e-04
3.000460197279679e-07	6.442191e-05
3.000639176996031e-07	1.678481e-05
3.000827717312615e-07	-1.375084e-05
3.001000000000000e-07	-3.197811e-05
3.001017228268739e-07	-8.425290e-05
3.001051684806216e-07	-1.176422e-04
3.001120597881170e-07	-1.391098e-04
3.001258424031078e-07	-1.939543e-04
3.001471714951602e-07	-2.893688e-04
3.001820382678765e-07	-4.271589e-04
3.002266810606143e-07	-5.484035e-04
3.002747904838633e-07	-6.109387e-04
3.003290922130835e-07	-6.262789e-04
3.003877061464347e-07	-6.167260e-04
3.004675757378087e-07	-5.806044e-04
3.005944638306280e-07	-4.806398e-04
3.007867865824225e-07	-3.004925e-04
3.010370664077762e-07	-1.227532e-04
3.012986476207117e-07	-3.657027e-05
3.016424981117771e-07	-6.059255e-06
3.019954701191554e-07	-5.413929e-07
3.026441341315291e-07	-1.414699e-08
3.034253841315291e-07	2.200352e-09
3.042066341315291e-07	-5.917400e-10
3.059923484172434e-07	-2.764747e-10
3.077780627029578e-07	-3.046756e-11
3.095637769886721e-07	1.462815e-10
3.113494912743865e-07	2.537724e-10
3.131352055601008e-07	2.920052e-10
3.149209198458151e-07	2.609798e-10
3.167066341315294e-07	1.606963e-10
3.279789555601011e-07	1.328917e-10
3.392512769886728e-07	1.100514e-10
3.505235984172446e-07	9.217541e-11
3.617959198458163e-07	7.926383e-11
3.730682412743880e-07	7.131662e-11
3.843405627029597e-07	6.833378e-11
3.956128841315314e-07	7.031531e-11
3.979566341315314e-07	6.178880e-11
3.987378841315314e-07	-4.586589e-10
3.992187500000000e-07	5.093440e-09
3.993187500000000e-07	3.275166e-09
3.995187500000000e-07	4.187703e-09
3.997624999999999e-07	1.905056e-09
3.998624999999999e-07	-7.048026e-09
3.999000000000000e-07	4.296589e-09
3.999249999999999e-07	1.850594e-09
3.999500000000003e-07	-6.240574e-09
4.000000000000000e-07	3.938262e-06
4.000050000000000e-07	1.118557e-04
4.000150000000000e-07	1.754828e-04
4.000349999999998e-07	1.547972e-04
4.000539299195359e-07	9.732726e-05
4.000739063529104e-07	5.439474e-05
4.001000000000000e-07	3.440148e-05
4.001026093647090e-07	-1.527104e-04
4.001078280941269e-07	-2.176508e-04
4.001182655529628e-07	-2.079476e-04
4.001320993551507e-07	-2.915950e-04
4.001477279521006e-07	-4.195383e-04
4.001639985438765e-07	-5.118090e-04
4.001778062360968e-07	-5.375704e-04
4.002000000000000e-07	-5.775732e-04
4.002022193763904e-07	-4.074562e-04
4.002066581291710e-07	-2.956170e-04
4.002155356347323e-07	-2.587613e-04
4.002332906458549e-07	-2.402844e-04
4.002554280607420e-07	-2.299976e-04
4.002961894656018e-07	-1.889476e-04
4.003414996892034e-07	-1.246118e-04
4.004145025958678e-07	-4.450916e-05
4.004690347987326e-07	-1.780537e-05
4.005317207624579e-07	-9.989723e-06
4.006188631368230e-07	-7.813317e-06
4.007651399615611e-07	-7.242991e-06
4.009145306806897e-07	-5.685264e-06
4.010679439347536e-07	-3.038945e-06
4.011329940509147e-07	-2.073445e-06
4.012060156870078e-07	-1.408918e-06
4.012937091394131e-07	-9.268061e-07
4.013935937345017e-07	-5.390839e-07
4.015094268519555e-07	-3.099246e-07
4.016438898937306e-07	-1.491991e-07
4.018108251247981e-07	-7.753588e-08
4.020193918715937e-07	-2.854891e-08
4.023051271165705e-07	-1.960637e-08
4.027085664106299e-07	-7.417896e-09
4.033901711073716e-07	-8.218641e-09
4.049526711073717e-07	-4.987957e-09
4.072964211073717e-07	-3.187406e-09
4.094169568216575e-07	-2.590373e-09
4.115374925359433e-07	-2.097871e-09
4.136580282502291e-07	-1.709898e-09
4.157785639645148e-07	-1.426454e-09
4.178990996788006e-07	-1.247541e-09
4.200196353930864e-07	-1.173158e-09
4.221401711073721e-07	-1.203304e-09
4.286133853930865e-07	-1.004047e-09
4.350865996788010e-07	-8.356320e-10
4.415598139645154e-07	-6.980598e-10
4.480330282502299e-07	-5.913302e-10
4.545062425359443e-07	-5.154432e-10
4.609794568216588e-07	-4.703987e-10
4.674526711073732e-07	-4.561969e-10
4.987026711073740e-07	1.312087e-10
4.992187500000001e-07	-5.737075e-09
4.993187500000001e-07	-3.828215e-09
4.996000000000001e-07	-4.283947e-09
4.997625000000000e-07	-2.482935e-09
4.998625000000000e-07	5.773315e-09
4.999000000000001e-07	-3.454574e-09
4.999249999999999e-07	-2.333564e-09
4.999500000000004e-07	3.900927e-09
5.000000000000001e-07	-7.461814e-07
5.000050000000000e-07	8.300402e-05
5.000150000000000e-07	1.426310e-04
5.000349999999999e-07	1.522088e-04
5.000546153472497e-07	1.427300e-04
5.000702686145865e-07	1.332108e-04
5.001000000000001e-07	1.087323e-04
5.001029731385414e-07	4.567191e-05
5.001089194156242e-07	8.137418e-06
5.001208119697896e-07	2.488887e-06
5.001445970781204e-07	1.134433e-06
5.001724283127179e-07	6.362372e-07
5.002280907819128e-07	3.821000e-07
5.003394157203026e-07	2.034002e-07
5.005620655970821e-07	1.065908e-07
5.010073653506410e-07	5.283524e-08
5.017886153506410e-07	2.624261e-08
5.025698653506411e-07	1.666779e-08
5.041323653506411e-07	9.890035e-09
5.062529010649268e-07	7.393272e-09
5.083734367792127e-07	5.350289e-09
5.104939724934984e-07	3.761087e-09
5.126145082077841e-07	2.625666e-09
5.147350439220699e-07	1.944027e-09
5.168555796363557e-07	1.716169e-09
5.189761153506415e-07	1.942091e-09
5.986636153506434e-07	2.477213e-10
5.995187500000001e-07	5.501131e-10
5.997625000000000e-07	3.883621e-10
5.998625000000000e-07	-1.372292e-10
5.999000000000001e-07	4.529332e-10
5.999500000000004e-07	5.639933e-13
6.000000000000001e-07	1.230013e-08
6.000050000000000e-07	7.942814e-05
6.000150000000000e-07	1.308205e-04
6.000311972069051e-07	1.329258e-04
6.000481817545847e-07	1.098407e-04
6.000635667569197e-07	7.406162e-05
6.000808373668480e-07	3.045758e-05
6.001000000000001e-07	-3.021481e-05
6.001019162633153e-07	-1.096817e-04
6.001057487899457e-07	-1.611057e-04
6.001134138432065e-07	-2.007904e-04
6.001287439497282e-07	-3.081255e-04
6.001472161272962e-07	-4.345196e-04
6.001714976342430e-07	-5.441539e-04
6.002000000000001e-07	-6.230438e-04
6.002028502365758e-07	-5.544427e-04
6.002085507097273e-07	-5.157027e-04
6.002199516560301e-07	-5.254761e-04
6.002427535486358e-07	-5.649836e-04
6.002687258338915e-07	-5.952412e-04
6.003206704044028e-07	-6.180708e-04
6.003757282278966e-07	-6.162527e-04
6.004663539495317e-07	-5.804041e-04
6.005706256427988e-07	-5.017728e-04
6.007717419719753e-07	-3.124067e-04
6.010290189041170e-07	-1.251802e-04
6.012800203384440e-07	-3.910933e-05
6.016384224700792e-07	-6.256435e-06
6.019762363465542e-07	-4.543401e-07
6.026372199716245e-07	-1.638587e-08
6.034184699716245e-07	2.624027e-09
6.041997199716245e-07	-1.024695e-09
6.065434699716246e-07	-1.186606e-12
6.086640056859103e-07	-1.467207e-11
6.107845414001961e-07	-2.543569e-11
6.129050771144819e-07	-3.347747e-11
6.150256128287676e-07	-3.879740e-11
6.171461485430534e-07	-4.139549e-11
6.192666842573392e-07	-4.127174e-11
6.213872199716249e-07	-3.842615e-11
6.268559699716251e-07	-2.143707e-11
6.347800771144824e-07	-2.413113e-11
6.427041842573398e-07	-2.629429e-11
6.506282914001971e-07	-2.792654e-11
6.585523985430545e-07	-2.902788e-11
6.664765056859117e-07	-2.959831e-11
6.744006128287691e-07	-2.963784e-11
6.823247199716264e-07	-2.914646e-11
6.987309699716268e-07	-1.247220e-10
6.992187500000001e-07	9.330753e-10
6.997625000000000e-07	2.978514e-10
6.998625000000000e-07	-1.222966e-09
6.999000000000001e-07	6.019718e-10
6.999249999999999e-07	3.431495e-10
6.999500000000004e-07	-9.079789e-10
7.000000000000001e-07	5.305777e-07
7.000050000000000e-07	8.294938e-05
7.000150000000000e-07	1.419326e-04
7.000349999999999e-07	1.522322e-04
7.000546481181371e-07	1.431212e-04
7.000703178636008e-07	1.334654e-04
7.001000000000001e-07	1.085269e-04
7.001029682136400e-07	4.587316e-05
7.001089046409198e-07	8.485835e-06
7.001207774954796e-07	2.602010e-06
7.001445232045990e-07	1.090936e-06
7.001723172178501e-07	6.154824e-07
7.002279052443523e-07	3.699222e-07
7.003390812973566e-07	2.030364e-07
7.005614334033652e-07	1.064550e-07
7.010061376153824e-07	5.329377e-08
7.017873876153824e-07	2.643816e-08
7.025686376153825e-07	1.685125e-08
7.041311376153825e-07	1.006700e-08
7.062516733296682e-07	7.565797e-09
7.083722090439541e-07	5.518608e-09
7.104927447582398e-07	3.925429e-09
7.126132804725255e-07	2.786259e-09
7.147338161868113e-07	2.101098e-09
7.168543519010971e-07	1.869947e-09
7.189748876153829e-07	2.092806e-09
7.986623876153848e-07	3.640202e-10
7.994187500000001e-07	4.020796e-10
7.999187500000001e-07	3.979722e-10
8.000000000000001e-07	4.247873e-10
