time	I(Vdd)
0.000000000000000e+00	-2.870988e-11
1.000000000000000e-07	-2.870926e-11
1.000049999999999e-07	8.296832e-05
1.000149999999996e-07	1.366208e-04
1.000310080553615e-07	1.113785e-04
1.000479408528999e-07	5.435739e-05
1.000646119044979e-07	1.411766e-05
1.000829201910941e-07	-1.286537e-05
1.001000000000000e-07	-2.906199e-05
1.001017079808906e-07	-8.314988e-05
1.001051239426718e-07	-1.172731e-04
1.001119558662341e-07	-1.379823e-04
1.001256197133588e-07	-1.919275e-04
1.001466719055425e-07	-2.863276e-04
1.001816552629912e-07	-4.248533e-04
1.002262310310027e-07	-5.459593e-04
1.002745030405286e-07	-6.084589e-04
1.003290472696379e-07	-6.228914e-04
1.003878635867376e-07	-6.108643e-04
1.004679118098767e-07	-5.672824e-04
1.005947193875629e-07	-4.527494e-04
1.007790037177295e-07	-2.699990e-04
1.010216441047958e-07	-1.022288e-04
1.012782905656585e-07	-2.661212e-05
1.015901075640748e-07	-4.298167e-06
1.019480486471765e-07	-3.913093e-07
1.026057511588965e-07	-2.165617e-09
1.033870011588965e-07	1.343210e-10
1.057307511588965e-07	-1.415401e-11
1.093021797303251e-07	-2.639257e-11
1.128736083017537e-07	-3.503612e-11
1.164450368731822e-07	-4.008469e-11
1.200164654446108e-07	-4.153825e-11
1.235878940160394e-07	-3.939683e-11
1.271593225874679e-07	-3.366040e-11
1.307307511588965e-07	-2.432898e-11
1.403289654446107e-07	-2.675566e-11
1.499271797303249e-07	-2.871992e-11
1.595253940160391e-07	-3.022176e-11
1.691236083017533e-07	-3.126118e-11
1.787218225874675e-07	-3.183818e-11
1.883200368731817e-07	-3.195277e-11
1.979182511588959e-07	-3.160494e-11
1.986995011588959e-07	-3.990749e-10
1.992187500000000e-07	4.499407e-09
1.993187500000000e-07	2.792679e-09
1.995187500000000e-07	3.707141e-09
1.997625000000003e-07	1.679631e-09
1.998625000000003e-07	-6.734085e-09
1.999000000000000e-07	4.144499e-09
1.999250000000006e-07	1.561432e-09
1.999499999999989e-07	-6.211091e-09
2.000000000000000e-07	3.831109e-06
2.000049999999997e-07	8.723439e-05
2.000149999999990e-07	1.472041e-04
2.000324640946198e-07	1.561032e-04
2.000501694626996e-07	1.485257e-04
2.000700508248708e-07	1.374617e-04
2.000999028714292e-07	1.180299e-04
2.001000000000000e-07	1.237924e-04
2.001001942571415e-07	1.445850e-05
2.001005827714246e-07	-5.071767e-05
2.001013597999908e-07	-6.582652e-05
2.001029138571230e-07	-7.332900e-05
2.001060219713876e-07	-7.522899e-05
2.001122381999168e-07	-7.906601e-05
2.001246706569751e-07	-1.173294e-04
2.001423327358913e-07	-2.118207e-04
2.001626701920915e-07	-3.139199e-04
2.001798324990191e-07	-3.491870e-04
2.002000000000000e-07	-3.372385e-04
2.002020167500981e-07	-2.689654e-04
2.002060502502943e-07	-2.198653e-04
2.002141172506866e-07	-1.953346e-04
2.002302512514713e-07	-1.786271e-04
2.002470962477780e-07	-1.742821e-04
2.002807862403914e-07	-1.566232e-04
2.003298101820176e-07	-1.045802e-04
2.003879436838418e-07	-4.941692e-05
2.004358898583361e-07	-2.441565e-05
2.004951977096754e-07	-1.265669e-05
2.005821500053707e-07	-8.504420e-06
2.006998055449588e-07	-7.945880e-06
2.008222854900612e-07	-6.867288e-06
2.009583944374379e-07	-4.123779e-06
2.010273576352426e-07	-2.778703e-06
2.010970008565001e-07	-1.886360e-06
2.011831431128027e-07	-1.179809e-06
2.012679922797299e-07	-7.109650e-07
2.013731648113992e-07	-3.998733e-07
2.014868423326614e-07	-1.930478e-07
2.016362534330736e-07	-8.767808e-08
2.018094824369767e-07	-2.268602e-08
2.020545965365327e-07	-7.993261e-09
2.023743129004593e-07	4.558033e-09
2.029142544222261e-07	7.361295e-10
2.036955044222261e-07	2.583079e-09
2.171999687079405e-07	1.607157e-09
2.307044329936550e-07	8.392565e-10
2.442088972793694e-07	2.793756e-10
2.577133615650839e-07	-7.248517e-11
2.712178258507983e-07	-2.163258e-10
2.847222901365128e-07	-1.521463e-10
2.982267544222272e-07	1.200533e-10
2.990080044222272e-07	-1.705393e-09
2.992187500000000e-07	-1.050824e-09
2.995785088444544e-07	-3.606261e-09
2.996785088444545e-07	-1.485141e-09
2.999000000000000e-07	-1.181206e-09
3.000000000000000e-07	-1.710860e-06
3.000045300591398e-07	8.031541e-05
3.000135901774193e-07	1.352734e-04
3.000295091633760e-07	1.176864e-04
3.000460222462710e-07	6.440773e-05
3.000639181782461e-07	1.677277e-05
3.000827708768947e-07	-1.376496e-05
3.001000000000000e-07	-3.194248e-05
3.001017229123106e-07	-8.426355e-05
3.001051687369316e-07	-1.176801e-04
3.001120603861738e-07	-1.391516e-04
3.001258436846580e-07	-1.939831e-04
3.001472726663043e-07	-2.896292e-04
3.001827131556523e-07	-4.290799e-04
3.002270818951272e-07	-5.484851e-04
3.002750395679223e-07	-6.093433e-04
3.003293827817695e-07	-6.230412e-04
3.003880319207770e-07	-6.107915e-04
3.004683801344248e-07	-5.668158e-04
3.005958289003727e-07	-4.514536e-04
3.007800652609335e-07	-2.689154e-04
3.010231588836990e-07	-1.015188e-04
3.012804843379933e-07	-2.625854e-05
3.015920606994454e-07	-4.229134e-06
3.019512535954090e-07	-3.836840e-07
3.026112998251503e-07	-1.801559e-09
3.033925498251503e-07	2.526690e-10
3.057362998251504e-07	1.667786e-10
3.093077283965791e-07	1.483894e-10
3.128791569680077e-07	1.336044e-10
3.164505855394364e-07	1.224237e-10
3.200220141108650e-07	1.148473e-10
3.235934426822937e-07	1.108752e-10
3.271648712537223e-07	1.105073e-10
3.307362998251510e-07	1.137437e-10
3.403345141108655e-07	1.046395e-10
3.499327283965800e-07	9.610143e-11
3.595309426822946e-07	8.812944e-11
3.691291569680091e-07	8.072356e-11
3.787273712537236e-07	7.388377e-11
3.883255855394381e-07	6.761008e-11
3.979237998251526e-07	6.190248e-11
3.987050498251526e-07	-3.616561e-10
3.992187500000000e-07	5.073855e-09
3.993187500000000e-07	3.209493e-09
3.995187500000000e-07	4.101616e-09
3.997624999999999e-07	1.866164e-09
3.998624999999999e-07	-6.897132e-09
3.999000000000000e-07	4.212461e-09
3.999249999999999e-07	1.819672e-09
3.999500000000003e-07	-6.103051e-09
4.000000000000000e-07	3.572479e-06
4.000050000000000e-07	1.117555e-04
4.000150000000000e-07	1.755383e-04
4.000349999999998e-07	1.548885e-04
4.000539303200278e-07	9.740541e-05
4.000739065529435e-07	5.441091e-05
4.001000000000000e-07	3.430017e-05
4.001026093447057e-07	-1.528407e-04
4.001078280341170e-07	-2.178208e-04
4.001182654129396e-07	-2.081473e-04
4.001321017535116e-07	-2.917961e-04
4.001477296528045e-07	-4.196765e-04
4.001640013908999e-07	-5.118494e-04
4.001778074639796e-07	-5.374667e-04
4.002000000000000e-07	-5.771708e-04
4.002022192536021e-07	-4.070251e-04
4.002066577608062e-07	-2.951194e-04
4.002155347752143e-07	-2.581933e-04
4.002332888040307e-07	-2.399204e-04
4.002554421900426e-07	-2.302018e-04
4.002962002065878e-07	-1.897231e-04
4.003414720792885e-07	-1.250262e-04
4.004127545722061e-07	-4.590338e-05
4.004667719915245e-07	-1.893914e-05
4.005292405676408e-07	-1.072795e-05
4.006162389647397e-07	-8.428982e-06
4.007606978533220e-07	-7.606524e-06
4.008990210863611e-07	-5.620537e-06
4.010209250718678e-07	-3.209596e-06
4.010842748703956e-07	-2.200993e-06
4.011566195190320e-07	-1.465162e-06
4.012390775129141e-07	-9.550699e-07
4.013375976099012e-07	-5.412685e-07
4.014487058703621e-07	-3.058438e-07
4.015831618867476e-07	-1.416967e-07
4.017466710853603e-07	-7.224669e-08
4.019597288728711e-07	-2.631652e-08
4.022498161888313e-07	-1.881187e-08
4.026824515153491e-07	-7.912828e-09
4.034327135997278e-07	-7.771202e-09
4.049952135997278e-07	-4.938954e-09
4.073389635997279e-07	-3.161773e-09
4.094594993140137e-07	-2.623035e-09
4.115800350282994e-07	-2.169404e-09
4.137005707425852e-07	-1.800879e-09
4.158211064568710e-07	-1.517460e-09
4.179416421711567e-07	-1.319148e-09
4.200621778854425e-07	-1.205942e-09
4.221827135997283e-07	-1.177842e-09
4.268702135997284e-07	-1.025708e-09
4.315577135997285e-07	-8.904357e-10
4.362452135997286e-07	-7.720258e-10
4.409327135997287e-07	-6.704779e-10
4.456202135997288e-07	-5.857921e-10
4.503077135997289e-07	-5.179685e-10
4.549952135997291e-07	-4.670069e-10
4.611336064568721e-07	-4.297920e-10
4.672719993140151e-07	-3.967541e-10
4.734103921711581e-07	-3.678932e-10
4.795487850283011e-07	-3.432093e-10
4.856871778854441e-07	-3.227024e-10
4.918255707425871e-07	-3.063726e-10
4.979639635997301e-07	-2.942198e-10
4.987452135997301e-07	1.944833e-10
4.992187500000001e-07	-5.024954e-09
4.993187500000001e-07	-3.438771e-09
4.996000000000001e-07	-3.278305e-09
4.997625000000000e-07	-1.775178e-09
4.998625000000000e-07	5.803344e-09
4.999000000000001e-07	-2.515509e-09
4.999249999999999e-07	-1.754021e-09
4.999500000000004e-07	3.648630e-09
5.000000000000001e-07	-2.079942e-07
5.000050000000000e-07	8.318300e-05
5.000150000000000e-07	1.426310e-04
5.000349999999999e-07	1.522088e-04
5.000546153730370e-07	1.427300e-04
5.000702686438713e-07	1.332108e-04
5.001000000000001e-07	1.087326e-04
5.001029731356130e-07	4.567196e-05
5.001089194068388e-07	8.137436e-06
5.001208119492902e-07	2.488954e-06
5.001445970341933e-07	1.134471e-06
5.001724282487339e-07	6.362583e-07
5.002280906778150e-07	3.821052e-07
5.003394155359772e-07	2.033990e-07
5.005620652523015e-07	1.065904e-07
5.010073646849502e-07	5.283532e-08
5.017886146849502e-07	2.624259e-08
5.025698646849502e-07	1.666777e-08
5.041323646849503e-07	9.890005e-09
5.062529003992360e-07	7.393241e-09
5.083734361135219e-07	5.350259e-09
5.104939718278076e-07	3.761057e-09
5.126145075420933e-07	2.625638e-09
5.147350432563791e-07	1.943999e-09
5.168555789706649e-07	1.716142e-09
5.189761146849506e-07	1.942067e-09
5.986636146849526e-07	2.477091e-10
5.995187500000001e-07	5.501357e-10
5.997625000000000e-07	3.883682e-10
5.998625000000000e-07	-1.372988e-10
5.999000000000001e-07	4.529492e-10
5.999500000000004e-07	5.095184e-13
6.000000000000001e-07	1.225933e-08
6.000050000000000e-07	7.943001e-05
6.000150000000000e-07	1.308236e-04
6.000311972100761e-07	1.329278e-04
6.000481817571291e-07	1.098371e-04
6.000635668067752e-07	7.405182e-05
6.000808374534602e-07	3.044188e-05
6.001000000000001e-07	-3.024302e-05
6.001019162546540e-07	-1.097164e-04
6.001057487639621e-07	-1.611458e-04
6.001134137825780e-07	-2.008269e-04
6.001287438198099e-07	-3.081230e-04
6.001472160748425e-07	-4.344237e-04
6.001714976978702e-07	-5.438983e-04
6.002000000000001e-07	-6.226095e-04
6.002028502302131e-07	-5.540298e-04
6.002085506906391e-07	-5.152316e-04
6.002199516114910e-07	-5.247899e-04
6.002427534531950e-07	-5.638828e-04
6.002687257130383e-07	-5.936116e-04
6.003206702327249e-07	-6.150828e-04
6.003756832163999e-07	-6.108720e-04
6.004666623124223e-07	-5.667288e-04
6.005711991276203e-07	-4.758421e-04
6.007636118055235e-07	-2.837158e-04
6.010241286178334e-07	-9.947480e-05
6.012631076562678e-07	-2.718332e-05
6.015932465782296e-07	-4.321661e-06
6.019307015074581e-07	-3.051771e-07
6.026056113659148e-07	-5.845164e-09
6.033868613659148e-07	9.831993e-10
6.041681113659149e-07	-5.197123e-10
6.065118613659149e-07	-1.460165e-11
6.086323970802007e-07	-2.220283e-11
6.107529327944865e-07	-2.836655e-11
6.128734685087722e-07	-3.309281e-11
6.149940042230580e-07	-3.638161e-11
6.171145399373437e-07	-3.823295e-11
6.192350756516295e-07	-3.864682e-11
6.213556113659153e-07	-3.762324e-11
6.276056113659154e-07	-3.501555e-11
6.357529327944871e-07	-3.203789e-11
6.439002542230587e-07	-2.964642e-11
6.520475756516303e-07	-2.784115e-11
6.601948970802019e-07	-2.662206e-11
6.683422185087736e-07	-2.598916e-11
6.764895399373453e-07	-2.594245e-11
6.846368613659168e-07	-2.648193e-11
6.986993613659172e-07	-9.691872e-11
6.995187500000001e-07	6.080452e-10
6.997625000000000e-07	2.461577e-10
6.998625000000000e-07	-1.029845e-09
6.999000000000001e-07	4.904763e-10
6.999249999999999e-07	2.856169e-10
6.999500000000004e-07	-7.555012e-10
7.000000000000001e-07	4.379754e-07
7.000050000000000e-07	8.291900e-05
7.000150000000000e-07	1.419332e-04
7.000349999999999e-07	1.522322e-04
7.000546481216082e-07	1.431208e-04
7.000703178674076e-07	1.334650e-04
7.001000000000001e-07	1.085267e-04
7.001029682132593e-07	4.587291e-05
7.001089046397778e-07	8.485614e-06
7.001207774928148e-07	2.601961e-06
7.001445231988889e-07	1.091026e-06
7.001723172101358e-07	6.155701e-07
7.002279052326296e-07	3.699598e-07
7.003390812776173e-07	2.030451e-07
7.005614333675926e-07	1.064550e-07
7.010061375475432e-07	5.329356e-08
7.017873875475433e-07	2.643815e-08
7.025686375475433e-07	1.685126e-08
7.041311375475433e-07	1.006700e-08
7.062516732618290e-07	7.565800e-09
7.083722089761149e-07	5.518609e-09
7.104927446904006e-07	3.925428e-09
7.126132804046864e-07	2.786257e-09
7.147338161189721e-07	2.101097e-09
7.168543518332579e-07	1.869946e-09
7.189748875475437e-07	2.092806e-09
7.986623875475456e-07	3.640153e-10
7.994187500000001e-07	4.020523e-10
7.999187500000001e-07	3.979520e-10
8.000000000000001e-07	4.247518e-10
