time	I(Vdd)
0.000000000000000e+00	-2.870988e-11
1.000000000000000e-07	-2.870992e-11
1.000049999999999e-07	8.298560e-05
1.000149999999996e-07	1.366512e-04
1.000310080317750e-07	1.113964e-04
1.000479408043095e-07	5.432377e-05
1.000646122436316e-07	1.401870e-05
1.000829207024482e-07	-1.300349e-05
1.001000000000000e-07	-2.923002e-05
1.001017079297552e-07	-8.341525e-05
1.001051237892655e-07	-1.176236e-04
1.001119555082862e-07	-1.383438e-04
1.001256189463277e-07	-1.920908e-04
1.001477384123484e-07	-2.885966e-04
1.001906682121993e-07	-4.495273e-04
1.002320874808405e-07	-5.488367e-04
1.002787045678306e-07	-5.897252e-04
1.003336793367372e-07	-5.757263e-04
1.003934341868860e-07	-5.067784e-04
1.004780950216532e-07	-3.609487e-04
1.005947683930011e-07	-1.805863e-04
1.007267256114524e-07	-6.511314e-05
1.008910959477528e-07	-1.421907e-05
1.010677933386752e-07	-2.045036e-06
1.013338983637529e-07	-1.465088e-07
1.017877875267835e-07	9.645459e-09
1.025690375267835e-07	-1.384279e-09
1.033502875267835e-07	3.588667e-10
1.056940375267835e-07	-1.643343e-10
1.092654660982121e-07	-1.083528e-10
1.128368946696406e-07	-6.465118e-11
1.164083232410692e-07	-3.322934e-11
1.199797518124978e-07	-1.408732e-11
1.235511803839263e-07	-7.225117e-12
1.271226089553549e-07	-1.264274e-11
1.306940375267835e-07	-3.034017e-11
1.402922518124977e-07	-3.013614e-11
1.498904660982119e-07	-3.008944e-11
1.594886803839261e-07	-3.020008e-11
1.690868946696403e-07	-3.046806e-11
1.786851089553544e-07	-3.089337e-11
1.882833232410686e-07	-3.147602e-11
1.978815375267828e-07	-3.221601e-11
1.986627875267828e-07	-3.635752e-10
1.992187500000000e-07	5.158343e-09
1.993187500000000e-07	3.154848e-09
1.995187500000000e-07	4.167618e-09
1.997625000000003e-07	1.883415e-09
1.998625000000003e-07	-7.515284e-09
1.999000000000000e-07	4.667856e-09
1.999250000000006e-07	1.824134e-09
1.999499999999989e-07	-6.873184e-09
2.000000000000000e-07	1.081248e-06
2.000049999999997e-07	8.632811e-05
2.000149999999990e-07	1.472172e-04
2.000324640946208e-07	1.561041e-04
2.000501694627016e-07	1.485240e-04
2.000700511681551e-07	1.374624e-04
2.000999030636908e-07	1.180208e-04
2.001000000000000e-07	1.237833e-04
2.001001938726185e-07	1.445584e-05
2.001005816178555e-07	-5.072125e-05
2.001013571083294e-07	-6.585294e-05
2.001029080892773e-07	-7.340535e-05
2.001060100511732e-07	-7.537720e-05
2.001122139749648e-07	-7.925430e-05
2.001246218225481e-07	-1.174649e-04
2.001423305310159e-07	-2.122476e-04
2.001626629316806e-07	-3.138796e-04
2.001798333037220e-07	-3.477302e-04
2.002000000000000e-07	-3.327191e-04
2.002020166696278e-07	-2.642346e-04
2.002060500088834e-07	-2.145235e-04
2.002141166873946e-07	-1.895068e-04
2.002302500444170e-07	-1.750196e-04
2.002471115587005e-07	-1.758047e-04
2.002808345872673e-07	-1.643208e-04
2.003294643574393e-07	-1.102992e-04
2.003837522604620e-07	-5.637632e-05
2.004322882390220e-07	-3.096208e-05
2.004920357317156e-07	-1.873844e-05
2.005627899470255e-07	-1.431995e-05
2.006394337885921e-07	-1.045643e-05
2.007064822777923e-07	-6.420053e-06
2.007451570251467e-07	-4.565637e-06
2.007990922775965e-07	-2.833539e-06
2.008506177674632e-07	-1.718867e-06
2.009268839047586e-07	-8.414611e-07
2.010018604724162e-07	-3.801150e-07
2.011128996839033e-07	-1.339785e-07
2.012359509588844e-07	-2.570334e-08
2.014385442921251e-07	-4.243055e-09
2.017081821058065e-07	6.351987e-09
2.022474577331694e-07	1.960595e-09
2.030287077331694e-07	3.045955e-09
2.087206720188836e-07	2.102743e-09
2.144126363045979e-07	1.344944e-09
2.201046005903121e-07	7.725578e-10
2.257965648760264e-07	3.855841e-10
2.314885291617407e-07	1.840229e-10
2.371804934474549e-07	1.678743e-10
2.428724577331691e-07	3.371383e-10
2.983412077331705e-07	1.455192e-10
2.991224577331705e-07	2.972623e-09
2.994113345336591e-07	-4.835505e-10
2.996148309326820e-07	-1.421124e-09
2.997148309326820e-07	-1.659386e-11
2.998000000000000e-07	-4.525201e-09
2.998296618653640e-07	-4.329877e-09
2.998889855960918e-07	-2.299586e-10
3.000000000000000e-07	2.660839e-06
3.000049831471825e-07	8.315879e-05
3.000149494415473e-07	1.363824e-04
3.000310091878236e-07	1.143028e-04
3.000479071982787e-07	5.781628e-05
3.000648081473091e-07	1.423304e-05
3.000814759983403e-07	-1.250011e-05
3.001000000000000e-07	-3.664987e-05
3.001018524001660e-07	-8.657387e-05
3.001055572004980e-07	-1.192220e-04
3.001129668011619e-07	-1.425815e-04
3.001277860024897e-07	-2.023594e-04
3.001510992765870e-07	-3.033924e-04
3.001960340304124e-07	-4.662321e-04
3.002376204711592e-07	-5.583424e-04
3.002840399727800e-07	-5.915251e-04
3.003383634895891e-07	-5.721982e-04
3.003996631301520e-07	-4.970267e-04
3.004861945563474e-07	-3.472053e-04
3.006107400557030e-07	-1.613885e-04
3.007398491522119e-07	-5.710965e-05
3.009067787468068e-07	-1.222049e-05
3.010846593626365e-07	-1.696187e-06
3.013699323496623e-07	-1.090481e-07
3.018467737272668e-07	9.913200e-09
3.026280237272668e-07	-1.251934e-09
3.034092737272668e-07	5.899494e-10
3.057530237272669e-07	7.297274e-12
3.093244522986956e-07	6.163052e-11
3.128958808701242e-07	1.025927e-10
3.164673094415529e-07	1.301838e-10
3.200387380129815e-07	1.444038e-10
3.236101665844102e-07	1.452527e-10
3.271815951558388e-07	1.327305e-10
3.307530237272675e-07	1.068372e-10
3.403512380129820e-07	1.008100e-10
3.499494522986965e-07	9.463593e-11
3.595476665844110e-07	8.831489e-11
3.691458808701256e-07	8.184692e-11
3.787440951558401e-07	7.523202e-11
3.883423094415546e-07	6.847019e-11
3.979405237272691e-07	6.156142e-11
3.987217737272691e-07	-4.339791e-10
3.992187500000000e-07	5.352893e-09
3.993187500000000e-07	3.412542e-09
3.995187500000000e-07	4.357390e-09
3.997624999999999e-07	1.977696e-09
3.998624999999999e-07	-7.319405e-09
3.999000000000000e-07	4.523758e-09
3.999249999999999e-07	1.995184e-09
3.999500000000003e-07	-6.447550e-09
4.000000000000000e-07	1.595694e-08
4.000050000000000e-07	1.107955e-04
4.000150000000000e-07	1.761042e-04
4.000349999999998e-07	1.557738e-04
4.000539342371849e-07	9.809440e-05
4.000739086325801e-07	5.442177e-05
4.001000000000000e-07	3.310260e-05
4.001026091367420e-07	-1.543168e-04
4.001078274102260e-07	-2.196673e-04
4.001182639571940e-07	-2.102136e-04
4.001321268623438e-07	-2.937611e-04
4.001477474746770e-07	-4.208913e-04
4.001640315831295e-07	-5.120102e-04
4.001778199079317e-07	-5.361576e-04
4.002000000000000e-07	-5.728438e-04
4.002022180092069e-07	-4.024612e-04
4.002066540276206e-07	-2.899462e-04
4.002155260644479e-07	-2.524470e-04
4.002332701381026e-07	-2.365978e-04
4.002555937342482e-07	-2.326402e-04
4.002963115129736e-07	-1.973349e-04
4.003407568122219e-07	-1.304268e-04
4.004018984633395e-07	-5.706314e-05
4.004541030263880e-07	-2.829936e-05
4.005150960684352e-07	-1.810963e-05
4.005825994540466e-07	-1.415986e-05
4.006565156254794e-07	-9.995738e-06
4.007032655680285e-07	-7.126398e-06
4.007434843506565e-07	-5.096399e-06
4.007959357696123e-07	-3.287271e-06
4.008511823644403e-07	-1.973440e-06
4.009217517449694e-07	-1.046958e-06
4.009986154822403e-07	-5.005850e-07
4.011020234585697e-07	-2.147670e-07
4.012268501661967e-07	-7.513260e-08
4.014136894872514e-07	-3.784789e-08
4.016793036865995e-07	-1.780637e-08
4.021939429169135e-07	-1.577271e-08
4.029751929169135e-07	-9.617608e-09
4.037564429169136e-07	-7.130922e-09
4.053189429169136e-07	-4.689355e-09
4.076626929169137e-07	-3.103040e-09
4.098948357740565e-07	-2.532017e-09
4.121269786311995e-07	-2.052646e-09
4.143591214883424e-07	-1.664924e-09
4.165912643454853e-07	-1.368853e-09
4.188234072026282e-07	-1.164433e-09
4.210555500597711e-07	-1.051663e-09
4.232876929169140e-07	-1.030543e-09
4.299841214883428e-07	-8.606491e-10
4.366805500597715e-07	-7.160609e-10
4.433769786312003e-07	-5.967781e-10
4.500734072026290e-07	-5.028007e-10
4.567698357740577e-07	-4.341287e-10
4.634662643454864e-07	-3.907622e-10
4.701626929169152e-07	-3.727010e-10
4.982876929169158e-07	-2.683151e-10
4.990689429169158e-07	1.760142e-09
4.992187500000001e-07	9.991415e-10
4.998183641661686e-07	1.701363e-09
4.999000000000001e-07	3.064347e-10
5.000000000000001e-07	3.800661e-07
5.000048249044657e-07	8.282905e-05
5.000144747133968e-07	1.420989e-04
5.000337743312592e-07	1.525895e-04
5.000532317826363e-07	1.435141e-04
5.000698329156172e-07	1.335241e-04
5.001000000000001e-07	1.081638e-04
5.001030167084384e-07	4.535710e-05
5.001090501253149e-07	8.029720e-06
5.001211169590680e-07	2.455568e-06
5.001452506265743e-07	1.116236e-06
5.001732505703433e-07	6.277894e-07
5.002292504578813e-07	3.782031e-07
5.003412502329573e-07	2.016204e-07
5.005652497831092e-07	1.058417e-07
5.010132488834131e-07	5.245335e-08
5.017944988834131e-07	2.612779e-08
5.025757488834131e-07	1.662692e-08
5.041382488834131e-07	9.875875e-09
5.062587845976989e-07	7.384079e-09
5.083793203119847e-07	5.345049e-09
5.104998560262704e-07	3.758784e-09
5.126203917405562e-07	2.625284e-09
5.147409274548419e-07	1.944549e-09
5.168614631691278e-07	1.716580e-09
5.189819988834135e-07	1.941376e-09
5.986694988834154e-07	2.449885e-10
5.988256419000704e-07	3.980760e-10
5.989817849167253e-07	5.072843e-10
5.991379279333803e-07	5.726135e-10
5.992940709500351e-07	5.940635e-10
5.994502139666901e-07	5.716344e-10
5.996063569833450e-07	5.053261e-10
5.997625000000000e-07	3.951386e-10
5.998625000000000e-07	-1.626871e-10
5.999000000000001e-07	4.669244e-10
5.999500000000004e-07	-1.970912e-11
6.000000000000001e-07	1.213835e-08
6.000050000000000e-07	7.944939e-05
6.000150000000000e-07	1.308541e-04
6.000311972230015e-07	1.329451e-04
6.000481817674355e-07	1.097973e-04
6.000635672691845e-07	7.395074e-05
6.000808382692718e-07	3.028771e-05
6.001000000000001e-07	-3.051212e-05
6.001019161730729e-07	-1.100488e-04
6.001057485192186e-07	-1.615234e-04
6.001134132115099e-07	-2.011438e-04
6.001287425960925e-07	-3.080028e-04
6.001472155813561e-07	-4.333559e-04
6.001714982966859e-07	-5.413975e-04
6.002000000000001e-07	-6.187637e-04
6.002028501703315e-07	-5.497684e-04
6.002085505109943e-07	-5.099071e-04
6.002199511923199e-07	-5.173366e-04
6.002427525549713e-07	-5.518707e-04
6.002687245756281e-07	-5.750324e-04
6.003206686169417e-07	-5.752838e-04
6.003752288604457e-07	-5.250050e-04
6.004691527468028e-07	-3.685383e-04
6.005646917565467e-07	-2.173892e-04
6.007182781195495e-07	-7.456983e-05
6.009070975992350e-07	-1.154346e-05
6.010774830484445e-07	-1.024682e-06
6.013372080854494e-07	-9.074813e-08
6.018016072711696e-07	5.515357e-09
6.025828572711696e-07	-8.397905e-10
6.033641072711696e-07	1.866027e-10
6.049266072711696e-07	4.561684e-11
6.064891072711697e-07	5.320585e-12
6.080516072711697e-07	-2.480126e-11
6.096141072711697e-07	-4.474868e-11
6.111766072711698e-07	-5.452169e-11
6.127391072711698e-07	-5.412028e-11
6.143016072711699e-07	-4.354445e-11
6.158641072711699e-07	-2.279421e-11
6.177614286997414e-07	-2.495066e-11
6.196587501283128e-07	-2.691206e-11
6.215560715568844e-07	-2.867842e-11
6.234533929854558e-07	-3.024973e-11
6.253507144140273e-07	-3.162600e-11
6.272480358425987e-07	-3.280723e-11
6.291453572711702e-07	-3.379341e-11
6.299266072711702e-07	-2.324896e-11
6.387435715568848e-07	-2.511821e-11
6.475605358425992e-07	-2.663777e-11
6.563775001283137e-07	-2.780763e-11
6.651944644140283e-07	-2.862780e-11
6.740114286997428e-07	-2.909828e-11
6.828283929854572e-07	-2.921906e-11
6.916453572711717e-07	-2.899014e-11
6.986766072711719e-07	-1.136710e-10
6.992187500000001e-07	1.175117e-09
6.997625000000000e-07	3.769774e-10
6.998625000000000e-07	-1.519089e-09
6.999000000000001e-07	7.908056e-10
6.999249999999999e-07	4.426681e-10
6.999500000000004e-07	-1.142932e-09
7.000000000000001e-07	1.071403e-06
7.000050000000000e-07	8.313375e-05
7.000150000000000e-07	1.419385e-04
7.000349999999999e-07	1.522311e-04
7.000546481097122e-07	1.431156e-04
7.000703178465906e-07	1.334613e-04
7.001000000000001e-07	1.085255e-04
7.001029682153410e-07	4.587072e-05
7.001089046460229e-07	8.483630e-06
7.001207775073867e-07	2.601760e-06
7.001445232301143e-07	1.092233e-06
7.001723172637361e-07	6.166035e-07
7.002279053309798e-07	3.703309e-07
7.003390814654671e-07	2.030787e-07
7.005614337344418e-07	1.064340e-07
7.010061382723910e-07	5.329237e-08
7.017873882723911e-07	2.643816e-08
7.025686382723911e-07	1.685127e-08
7.041311382723911e-07	1.006703e-08
7.062516739866769e-07	7.565814e-09
7.083722097009627e-07	5.518615e-09
7.104927454152484e-07	3.925428e-09
7.126132811295342e-07	2.786254e-09
7.147338168438199e-07	2.101092e-09
7.168543525581057e-07	1.869943e-09
7.189748882723915e-07	2.092806e-09
7.986623882723934e-07	3.639848e-10
7.994187500000001e-07	4.018167e-10
7.999187500000001e-07	3.977816e-10
8.000000000000001e-07	4.244356e-10
