#Component
#EbNo_db    BER         SER         FER         Av. Iters   Frame Count
0.00000e+00 8.24750e-02 8.24750e-02 1.64400e-01 0.00000e+00 1.00000e+04
5.00000e-01 6.76500e-02 6.76500e-02 1.35200e-01 0.00000e+00 1.00000e+04
1.00000e+00 5.09500e-02 5.09500e-02 1.01500e-01 0.00000e+00 1.00000e+04
1.50000e+00 3.84000e-02 3.84000e-02 7.67000e-02 0.00000e+00 1.00000e+04
2.00000e+00 2.52250e-02 2.52250e-02 5.15000e-02 0.00000e+00 1.00000e+04
2.50000e+00 2.04250e-02 2.04250e-02 3.87000e-02 0.00000e+00 1.00000e+04
3.00000e+00 1.13000e-02 1.13000e-02 2.42000e-02 0.00000e+00 1.00000e+04
3.50000e+00 6.92500e-03 6.92500e-03 1.37000e-02 0.00000e+00 1.00000e+04
4.00000e+00 3.60144e-03 3.60144e-03 7.50300e-03 0.00000e+00 1.33280e+04
4.50000e+00 2.17705e-03 2.17705e-03 4.51202e-03 0.00000e+00 2.21630e+04
5.00000e+00 1.22242e-03 1.22242e-03 2.43268e-03 0.00000e+00 4.11070e+04
