#Component
#EbNo_db    BER         SER         FER         Av. Iters   Frame Count
0.00000e+00 8.92250e-02 8.92250e-02 1.77900e-01 0.00000e+00 1.00000e+04
5.00000e-01 6.90750e-02 6.90750e-02 1.37600e-01 0.00000e+00 1.00000e+04
1.00000e+00 5.62250e-02 5.62250e-02 1.11600e-01 0.00000e+00 1.00000e+04
1.50000e+00 4.14750e-02 4.14750e-02 8.30000e-02 0.00000e+00 1.00000e+04
2.00000e+00 3.09500e-02 3.09500e-02 6.13000e-02 0.00000e+00 1.00000e+04
2.50000e+00 2.06000e-02 2.06000e-02 4.18000e-02 0.00000e+00 1.00000e+04
3.00000e+00 1.32000e-02 1.32000e-02 2.75000e-02 0.00000e+00 1.00000e+04
3.50000e+00 7.60000e-03 7.60000e-03 1.47000e-02 0.00000e+00 1.00000e+04
4.00000e+00 4.91115e-03 4.91115e-03 9.87167e-03 0.00000e+00 1.01300e+04
4.50000e+00 2.44560e-03 2.44560e-03 4.99102e-03 0.00000e+00 2.00360e+04
5.00000e+00 1.30826e-03 1.30826e-03 2.59061e-03 0.00000e+00 3.86010e+04
