#Component
#EbNo_db    BER         SER         FER         Av. Iters   Frame Count
0.00000e+00 1.70600e-01 1.70600e-01 3.38200e-01 0.00000e+00 1.00000e+04
5.00000e-01 1.51675e-01 1.51675e-01 3.07400e-01 0.00000e+00 1.00000e+04
1.00000e+00 1.43025e-01 1.43025e-01 2.84900e-01 0.00000e+00 1.00000e+04
1.50000e+00 1.26650e-01 1.26650e-01 2.52000e-01 0.00000e+00 1.00000e+04
2.00000e+00 1.08550e-01 1.08550e-01 2.16200e-01 0.00000e+00 1.00000e+04
2.50000e+00 9.80000e-02 9.80000e-02 1.95700e-01 0.00000e+00 1.00000e+04
3.00000e+00 8.34250e-02 8.34250e-02 1.68000e-01 0.00000e+00 1.00000e+04
3.50000e+00 7.49250e-02 7.49250e-02 1.48800e-01 0.00000e+00 1.00000e+04
4.00000e+00 6.47750e-02 6.47750e-02 1.29500e-01 0.00000e+00 1.00000e+04
4.50000e+00 5.73750e-02 5.73750e-02 1.16800e-01 0.00000e+00 1.00000e+04
5.00000e+00 5.21750e-02 5.21750e-02 1.01300e-01 0.00000e+00 1.00000e+04
