#Component
#EbNo_db    BER         SER         FER         Av. Iters   Frame Count
0.00000e+00 1.81650e-01 1.81650e-01 3.64700e-01 0.00000e+00 1.00000e+04
5.00000e-01 1.64300e-01 1.64300e-01 3.29100e-01 0.00000e+00 1.00000e+04
1.00000e+00 1.49600e-01 1.49600e-01 2.99100e-01 0.00000e+00 1.00000e+04
1.50000e+00 1.35375e-01 1.35375e-01 2.71400e-01 0.00000e+00 1.00000e+04
2.00000e+00 1.26150e-01 1.26150e-01 2.48900e-01 0.00000e+00 1.00000e+04
2.50000e+00 1.13050e-01 1.13050e-01 2.24600e-01 0.00000e+00 1.00000e+04
3.00000e+00 1.00975e-01 1.00975e-01 2.02100e-01 0.00000e+00 1.00000e+04
3.50000e+00 9.11500e-02 9.11500e-02 1.81200e-01 0.00000e+00 1.00000e+04
4.00000e+00 7.99750e-02 7.99750e-02 1.60500e-01 0.00000e+00 1.00000e+04
4.50000e+00 6.64250e-02 6.64250e-02 1.33300e-01 0.00000e+00 1.00000e+04
5.00000e+00 6.35000e-02 6.35000e-02 1.26100e-01 0.00000e+00 1.00000e+04
