#Component
#EbNo_db    BER         SER         FER         Av. Iters   Frame Count
0.00000e+00 8.11250e-02 8.11250e-02 1.61200e-01 0.00000e+00 1.00000e+04
5.00000e-01 6.56500e-02 6.56500e-02 1.31500e-01 0.00000e+00 1.00000e+04
1.00000e+00 5.26250e-02 5.26250e-02 1.06000e-01 0.00000e+00 1.00000e+04
1.50000e+00 3.77000e-02 3.77000e-02 7.51000e-02 0.00000e+00 1.00000e+04
2.00000e+00 2.76000e-02 2.76000e-02 5.54000e-02 0.00000e+00 1.00000e+04
2.50000e+00 1.93500e-02 1.93500e-02 3.80000e-02 0.00000e+00 1.00000e+04
3.00000e+00 1.22750e-02 1.22750e-02 2.47000e-02 0.00000e+00 1.00000e+04
3.50000e+00 8.77500e-03 8.77500e-03 1.71000e-02 0.00000e+00 1.00000e+04
4.00000e+00 4.09352e-03 4.09352e-03 7.87216e-03 0.00000e+00 1.27030e+04
4.50000e+00 2.09632e-03 2.09632e-03 3.84645e-03 0.00000e+00 2.59980e+04
5.00000e+00 1.13420e-03 1.13420e-03 2.26840e-03 0.00000e+00 4.40840e+04
