#Component
#EbNo_db    BER         SER         FER         Av. Iters   Frame Count
0.00000e+00 8.02750e-02 8.02750e-02 1.63800e-01 0.00000e+00 1.00000e+04
5.00000e-01 6.57750e-02 6.57750e-02 1.31800e-01 0.00000e+00 1.00000e+04
1.00000e+00 4.90250e-02 4.90250e-02 9.72000e-02 0.00000e+00 1.00000e+04
1.50000e+00 3.73750e-02 3.73750e-02 7.55000e-02 0.00000e+00 1.00000e+04
2.00000e+00 2.75000e-02 2.75000e-02 5.50000e-02 0.00000e+00 1.00000e+04
2.50000e+00 1.82000e-02 1.82000e-02 3.67000e-02 0.00000e+00 1.00000e+04
3.00000e+00 1.29250e-02 1.29250e-02 2.70000e-02 0.00000e+00 1.00000e+04
3.50000e+00 7.10000e-03 7.10000e-03 1.47000e-02 0.00000e+00 1.00000e+04
4.00000e+00 4.61651e-03 4.61651e-03 9.14160e-03 0.00000e+00 1.09390e+04
4.50000e+00 2.49018e-03 2.49018e-03 4.78881e-03 0.00000e+00 2.08820e+04
5.00000e+00 1.18912e-03 1.18912e-03 2.53004e-03 0.00000e+00 3.95250e+04
