#Component
#EbNo_db    BER         SER         FER         Av. Iters   Frame Count
0.00000e+00 8.37250e-02 8.37250e-02 1.67000e-01 0.00000e+00 1.00000e+04
5.00000e-01 6.30250e-02 6.30250e-02 1.25600e-01 0.00000e+00 1.00000e+04
1.00000e+00 5.17750e-02 5.17750e-02 1.02800e-01 0.00000e+00 1.00000e+04
1.50000e+00 3.71750e-02 3.71750e-02 7.48000e-02 0.00000e+00 1.00000e+04
2.00000e+00 2.67500e-02 2.67500e-02 5.33000e-02 0.00000e+00 1.00000e+04
2.50000e+00 1.76250e-02 1.76250e-02 3.60000e-02 0.00000e+00 1.00000e+04
3.00000e+00 1.20500e-02 1.20500e-02 2.52000e-02 0.00000e+00 1.00000e+04
3.50000e+00 6.30000e-03 6.30000e-03 1.26000e-02 0.00000e+00 1.00000e+04
4.00000e+00 4.38824e-03 4.38824e-03 8.64678e-03 0.00000e+00 1.15650e+04
4.50000e+00 2.17780e-03 2.17780e-03 4.46728e-03 0.00000e+00 2.23850e+04
5.00000e+00 1.02457e-03 1.02457e-03 2.09096e-03 0.00000e+00 4.78250e+04
