#Component
#EbNo_db    BER         SER         FER         Av. Iters   Frame Count
0.00000e+00 8.63750e-02 8.63750e-02 1.73100e-01 0.00000e+00 1.00000e+04
5.00000e-01 7.36000e-02 7.36000e-02 1.47000e-01 0.00000e+00 1.00000e+04
1.00000e+00 5.62750e-02 5.62750e-02 1.12500e-01 0.00000e+00 1.00000e+04
1.50000e+00 4.11000e-02 4.11000e-02 8.32000e-02 0.00000e+00 1.00000e+04
2.00000e+00 3.41500e-02 3.41500e-02 6.79000e-02 0.00000e+00 1.00000e+04
2.50000e+00 2.10750e-02 2.10750e-02 4.27000e-02 0.00000e+00 1.00000e+04
3.00000e+00 1.42250e-02 1.42250e-02 2.88000e-02 0.00000e+00 1.00000e+04
3.50000e+00 9.17500e-03 9.17500e-03 1.88000e-02 0.00000e+00 1.00000e+04
4.00000e+00 6.45000e-03 6.45000e-03 1.28000e-02 0.00000e+00 1.00000e+04
4.50000e+00 4.44999e-03 4.44999e-03 9.41797e-03 0.00000e+00 1.06180e+04
5.00000e+00 1.67221e-03 1.67221e-03 3.46572e-03 0.00000e+00 2.88540e+04
