#Component
#EbNo_db    BER         SER         FER         Av. Iters   Frame Count
0.00000e+00 8.07750e-02 8.07750e-02 1.60500e-01 0.00000e+00 1.00000e+04
5.00000e-01 6.41000e-02 6.41000e-02 1.27300e-01 0.00000e+00 1.00000e+04
1.00000e+00 5.39250e-02 5.39250e-02 1.06700e-01 0.00000e+00 1.00000e+04
1.50000e+00 3.67500e-02 3.67500e-02 7.21000e-02 0.00000e+00 1.00000e+04
2.00000e+00 2.95000e-02 2.95000e-02 5.88000e-02 0.00000e+00 1.00000e+04
2.50000e+00 1.63250e-02 1.63250e-02 3.34000e-02 0.00000e+00 1.00000e+04
3.00000e+00 1.34000e-02 1.34000e-02 2.67000e-02 0.00000e+00 1.00000e+04
3.50000e+00 7.47500e-03 7.47500e-03 1.47000e-02 0.00000e+00 1.00000e+04
4.00000e+00 3.82898e-03 3.82898e-03 7.69645e-03 0.00000e+00 1.29930e+04
4.50000e+00 1.99479e-03 1.99479e-03 4.13428e-03 0.00000e+00 2.41880e+04
5.00000e+00 1.25047e-03 1.25047e-03 2.32645e-03 0.00000e+00 4.29840e+04
