#Component
#EbNo_db    BER         SER         FER         Av. Iters   Frame Count
0.00000e+00 8.23750e-02 8.23750e-02 1.64000e-01 0.00000e+00 1.00000e+04
5.00000e-01 6.84500e-02 6.84500e-02 1.34500e-01 0.00000e+00 1.00000e+04
1.00000e+00 5.54500e-02 5.54500e-02 1.10500e-01 0.00000e+00 1.00000e+04
1.50000e+00 3.54000e-02 3.54000e-02 7.11000e-02 0.00000e+00 1.00000e+04
2.00000e+00 2.69000e-02 2.69000e-02 5.24000e-02 0.00000e+00 1.00000e+04
2.50000e+00 1.85250e-02 1.85250e-02 3.71000e-02 0.00000e+00 1.00000e+04
3.00000e+00 1.14250e-02 1.14250e-02 2.23000e-02 0.00000e+00 1.00000e+04
3.50000e+00 6.55000e-03 6.55000e-03 1.31000e-02 0.00000e+00 1.00000e+04
4.00000e+00 4.79884e-03 4.79884e-03 9.69462e-03 0.00000e+00 1.03150e+04
4.50000e+00 2.49828e-03 2.49828e-03 4.92271e-03 0.00000e+00 2.03140e+04
5.00000e+00 1.19726e-03 1.19726e-03 2.28050e-03 0.00000e+00 4.38500e+04
