#Component
#EbNo_db    BER         SER         FER         Av. Iters   Frame Count
0.00000e+00 8.04000e-02 8.04000e-02 1.62800e-01 0.00000e+00 1.00000e+04
5.00000e-01 6.60250e-02 6.60250e-02 1.32000e-01 0.00000e+00 1.00000e+04
1.00000e+00 5.04000e-02 5.04000e-02 1.03200e-01 0.00000e+00 1.00000e+04
1.50000e+00 3.44500e-02 3.44500e-02 6.74000e-02 0.00000e+00 1.00000e+04
2.00000e+00 2.43000e-02 2.43000e-02 4.86000e-02 0.00000e+00 1.00000e+04
2.50000e+00 1.81250e-02 1.81250e-02 3.63000e-02 0.00000e+00 1.00000e+04
3.00000e+00 1.22500e-02 1.22500e-02 2.52000e-02 0.00000e+00 1.00000e+04
3.50000e+00 8.22500e-03 8.22500e-03 1.61000e-02 0.00000e+00 1.00000e+04
4.00000e+00 4.55532e-03 4.55532e-03 9.44109e-03 0.00000e+00 1.05920e+04
4.50000e+00 2.37600e-03 2.37600e-03 4.72836e-03 0.00000e+00 2.11490e+04
5.00000e+00 1.13967e-03 1.13967e-03 2.29079e-03 0.00000e+00 4.36530e+04
