#Component
#EbNo_db    BER         SER         FER         Av. Iters   Frame Count
0.00000e+00 1.10450e-01 1.10450e-01 2.19800e-01 0.00000e+00 1.00000e+04
5.00000e-01 8.96000e-02 8.96000e-02 1.81700e-01 0.00000e+00 1.00000e+04
1.00000e+00 7.07500e-02 7.07500e-02 1.41300e-01 0.00000e+00 1.00000e+04
1.50000e+00 5.55750e-02 5.55750e-02 1.11700e-01 0.00000e+00 1.00000e+04
2.00000e+00 4.10000e-02 4.10000e-02 8.22000e-02 0.00000e+00 1.00000e+04
2.50000e+00 3.00250e-02 3.00250e-02 5.97000e-02 0.00000e+00 1.00000e+04
3.00000e+00 2.19500e-02 2.19500e-02 4.31000e-02 0.00000e+00 1.00000e+04
3.50000e+00 1.27500e-02 1.27500e-02 2.63000e-02 0.00000e+00 1.00000e+04
4.00000e+00 9.07500e-03 9.07500e-03 1.85000e-02 0.00000e+00 1.00000e+04
4.50000e+00 6.02500e-03 6.02500e-03 1.22000e-02 0.00000e+00 1.00000e+04
5.00000e+00 3.95098e-03 3.95098e-03 7.63475e-03 0.00000e+00 1.30980e+04
