#Component
#EbNo_db    BER         SER         FER         Av. Iters   Frame Count
0.00000e+00 8.41000e-02 8.41000e-02 1.69500e-01 0.00000e+00 1.00000e+04
5.00000e-01 6.44750e-02 6.44750e-02 1.29600e-01 0.00000e+00 1.00000e+04
1.00000e+00 5.15750e-02 5.15750e-02 1.03800e-01 0.00000e+00 1.00000e+04
1.50000e+00 3.94250e-02 3.94250e-02 7.93000e-02 0.00000e+00 1.00000e+04
2.00000e+00 2.75500e-02 2.75500e-02 5.39000e-02 0.00000e+00 1.00000e+04
2.50000e+00 1.73000e-02 1.73000e-02 3.43000e-02 0.00000e+00 1.00000e+04
3.00000e+00 1.17500e-02 1.17500e-02 2.33000e-02 0.00000e+00 1.00000e+04
3.50000e+00 7.50000e-03 7.50000e-03 1.48000e-02 0.00000e+00 1.00000e+04
4.00000e+00 3.54823e-03 3.54823e-03 7.06115e-03 0.00000e+00 1.41620e+04
4.50000e+00 1.92545e-03 1.92545e-03 4.11862e-03 0.00000e+00 2.42800e+04
5.00000e+00 1.13326e-03 1.13326e-03 2.20051e-03 0.00000e+00 4.54440e+04
