#Component
#EbNo_db    BER         SER         FER         Av. Iters   Frame Count
0.00000e+00 7.95250e-02 7.95250e-02 1.60300e-01 0.00000e+00 1.00000e+04
5.00000e-01 6.68500e-02 6.68500e-02 1.32200e-01 0.00000e+00 1.00000e+04
1.00000e+00 5.41750e-02 5.41750e-02 1.06400e-01 0.00000e+00 1.00000e+04
1.50000e+00 3.71250e-02 3.71250e-02 7.50000e-02 0.00000e+00 1.00000e+04
2.00000e+00 2.70750e-02 2.70750e-02 5.36000e-02 0.00000e+00 1.00000e+04
2.50000e+00 1.83750e-02 1.83750e-02 3.52000e-02 0.00000e+00 1.00000e+04
3.00000e+00 1.21500e-02 1.21500e-02 2.45000e-02 0.00000e+00 1.00000e+04
3.50000e+00 8.27500e-03 8.27500e-03 1.65000e-02 0.00000e+00 1.00000e+04
4.00000e+00 4.07364e-03 4.07364e-03 7.83392e-03 0.00000e+00 1.27650e+04
4.50000e+00 2.16233e-03 2.16233e-03 4.36834e-03 0.00000e+00 2.28920e+04
5.00000e+00 9.92497e-04 9.92497e-04 2.07853e-03 0.00000e+00 4.81110e+04
