#Component
#EbNo_db    BER         SER         FER         Av. Iters   Frame Count
0.00000e+00 8.23000e-02 8.23000e-02 1.65700e-01 0.00000e+00 1.00000e+04
5.00000e-01 6.44000e-02 6.44000e-02 1.29900e-01 0.00000e+00 1.00000e+04
1.00000e+00 5.21000e-02 5.21000e-02 1.03000e-01 0.00000e+00 1.00000e+04
1.50000e+00 3.75750e-02 3.75750e-02 7.57000e-02 0.00000e+00 1.00000e+04
2.00000e+00 2.71250e-02 2.71250e-02 5.37000e-02 0.00000e+00 1.00000e+04
2.50000e+00 1.76500e-02 1.76500e-02 3.62000e-02 0.00000e+00 1.00000e+04
3.00000e+00 1.24750e-02 1.24750e-02 2.41000e-02 0.00000e+00 1.00000e+04
3.50000e+00 6.80000e-03 6.80000e-03 1.34000e-02 0.00000e+00 1.00000e+04
4.00000e+00 4.75098e-03 4.75098e-03 9.36154e-03 0.00000e+00 1.06820e+04
4.50000e+00 2.25513e-03 2.25513e-03 4.55581e-03 0.00000e+00 2.19500e+04
5.00000e+00 9.86595e-04 9.86595e-04 2.03422e-03 0.00000e+00 4.91590e+04
